UTM-SW = 32;U;353115.6777558093;5643308.8902007025
UTM-NE = 32;U;356741.7233238009;5645488.53547847
BBOX = 353115.6777558093;5643308.8902007025;3626.0455679916195;2179.645277767442
